# labels are in order of images from 1.png - last#.png
# first number is object label second number is type label
6 3
6 3
6 3
13 1
13 1
13 1
7 2
7 2
7 2
11 11
11 11
12 11
11 11
11 11
12 11
3 9
3 9
3 9
8 0
8 0
3 0
3 9
5 7
5 7
8 4
8 4
8 8
8 8
8 7
8 7
0 7
8 7
8 7
17 7
16 17
16 17
1 1
1 1
16 17
16 17
10 7
10 7
14 7
14 7
14 7
11 7
11 7
16 7
12 11
16 8
16 8
2 0
2 0
9 2
9 2
16 6
16 6
1 1
1 1
6 2
6 2
6 2
0 10
0 10
0 10
0 6
0 6
0 6
14 3
14 3
14 3
16 2
16 2
16 12
16 12
16 12
17 1
17 1
17 10
17 10
16 16
16 16
9 0
3 0
3 0
17 5
17 5
16 7
16 7
16 2
16 2
16 13
16 13
16 13
5 12
0 10
0 10
11 2
11 2
16 4
16 4
16 10
14 10
0 8
0 8
0 6
0 6
16 0
16 7
16 7
17 12
17 12
16 17
16 7
0 0
13 2
13 2
4 2
4 2
15 2
15 2
0 10
0 3
0 10
0 4
0 1
0 11
17 0
4 2
5 2
17 2
16 0
2 0
2 2
2 4
2 1
15 0
16 12
16 12
16 12
0 12
10 9
16 0
3 5
3 4
3 1
5 15
5 15
13 15
0 10
0 10
14 3
14 3
14 3
1 1
1 1
0 1
6 2
6 2
6 2
8 0
8 0
3 0
3 0
11 11
11 11
11 7
11 7
10 9
4 2
4 2
8 4
16 17
16 17
16 17
0 17
3 10
3 10
16 4
0 4
0 4
14 3
8 2
8 2
0 12
6 2
14 3
14 3
14 3
17 0
14 3
14 3
12 11
0 2
0 2
2 10
2 14
3 14
0 10
16 14
18 10
0 10
17 10
15 11
16 16
11 0
10 7
5 16
1 14
1 14
4 2
0 16
16 12
0 11
0 5
0 0
0 0
11 1
11 1
16 5
16 5
16 2
4 2
16 2
3 0
4 9
3 16
1 14
1 14
13 2
16 8
16 8
15 0
17 0
0 0
0 6
0 6
16 17
0 4
0 1
0 0
0 17
1 4
1 1
1 2
0 8
11 8
13 15
3 2
3 1
0 3
0 3
0 3
0 3
3 1
0 1
0 1
6 2
6 2
6 2
1 14
1 14
8 0
8 0
5 11
16 11
12 11
16 11
12 11
14 3
14 3
14 3
16 3
0 3
0 3
3 9
3 9
3 9
3 9
0 10
0 10
0 10
11 2
12 11
16 3
0 3
17 0
0 0
17 0
11 11
11 9
11 13
16 0
0 0
17 0
0 6
0 6
8 2
15 12
2 0
2 0
0 14
17 16
17 16
17 16
0 16
0 6
0 6
1 4
1 4
8 4
8 4
11 11
11 11
0 3
16 7
16 7
3 14
3 14
16 2
16 2
17 1
17 1
7 1
15 10
0 10
0 0
11 8
12 11
13 15
16 3
0 3
3 9
3 9
0 0
5 7
15 12
15 12
4 4
4 4
11 2
11 2
0 10
17 10
14 7
14 7
11 11
0 11
4 12
5 2
16 0
0 3
16 13
0 13
16 13
0 13
14 3
15 13
1 14
0 10
15 5
16 16
16 2
17 2
17 2
16 2
5 4
4 2
4 12
4 2
0 12
16 16
13 15
15 16
15 16
15 16
0 12
0 5
0 16
13 15
13 15
4 2
13 15
13 15
16 17
0 10
7 3
7 3
7 3
17 1
0 1
0 1
3 5
3 5
3 5
3 0
3 0
3 0
8 0
8 0
11 11
11 11
2 4
2 4
2 4
14 3
0 3
0 12
0 12
17 16
17 16
17 3
17 3
12 1
11 11
0 11
8 5
0 2
0 2
14 3
14 3
7 2
7 2
17 0
15 7
15 7
8 0
0 0
16 13
3 14
2 0
2 0
15 0
8 7
8 7
15 16
15 16
0 12
0 17
16 17
3 0
16 13
13 15
13 15
13 15
16 0
0 10
0 10
17 12
17 12
11 7
11 7
6 7
6 7
14 3
4 2
4 2
4 2
0 5
0 5
0 14
15 16
17 0
17 12
17 7
0 4
0 1
3 17
12 11
2 3
2 5
10 7
16 5
15 0
0 10
15 12
0 13
0 5
15 4
17 10
0 10
0 10
13 15
13 15
17 1
0 3
13 15
15 17
16 2
16 2
0 13
16 3
16 3
17 3
17 0
17 0
17 0
17 0
17 0
17 0
17 0
17 0
17 0
17 0
17 0
17 0
17 0
17 0
17 0
17 0
17 0
17 0
17 0
13 15
