# labels are in order of images from 1.png - last#.png
# first number is object label second number is type label
6 3
6 3
6 3
13 1
13 1
13 1
7 2
7 2
7 2
11 11
11 11
12 11
11 11
11 11
12 11
3 9
3 9
3 9
8 0
8 0
3 9
3 9
5 7
5 7
8 4
8 4
8 8
8 8
8 7
8 7
17 7
8 7
8 7
17 7
16 17
16 17
1 1
1 1
16 17
16 17
10 9
10 9
14 7
14 7
14 7
11 7
11 7
16 7
12 11
16 8
16 8
2 0
2 0
9 2
9 2
16 6
16 6
1 1
1 1
6 2
6 2
6 2
0 10
0 10
0 10
0 12
0 12
0 12
14 3
14 3
14 3
16 2
16 2
16 12
16 12
16 12
17 1
17 1
17 10
17 10
15 16
15 16
9 0
3 0
3 0
17 5
17 5
16 7
16 7
16 2
16 2
16 13
16 13
16 13
5 12
0 10
0 10
11 2
11 2
16 4
16 4
15 10
14 10
0 8
0 8
0 6
0 6
0 0
16 7
16 7
17 12
17 12
16 17
16 7
17 0
13 2
13 15
4 2
4 2
15 2
15 2
0 10
0 11
0 10
0 4
0 1
0 11
17 0
4 2
5 2
17 2
16 0
2 0
2 2
2 4
2 1
15 0
16 12
16 12
16 12
0 12
10 9
16 0
3 5
3 4
3 1
5 15
5 15
13 15
0 10
0 10
14 2
14 2
14 2
1 1
1 1
0 1
6 2
6 2
6 2
8 0
8 0
3 0
3 0
11 11
11 11
11 7
11 7
10 9
4 4
4 4
8 4
16 17
16 17
16 17
16 17
3 10
3 10
16 4
0 4
0 4
14 3
8 2
8 2
0 12
6 2
14 3
14 3
14 3
17 0
14 3
14 3
12 11
0 2
0 2
2 10
2 14
3 14
0 10
17 14
18 10
0 10
17 10
14 11
15 16
11 0
10 7
5 16
1 14
1 14
4 2
0 16
16 12
0 11
0 5
0 0
0 0
11 1
11 1
16 5
16 5
16 2
4 2
16 2
3 0
3 2
3 16
1 14
1 14
13 2
16 8
16 8
15 0
17 0
0 0
0 6
0 6
17 17
0 4
0 1
17 0
16 17
1 4
1 1
1 2
0 8
11 8
0 15
3 2
3 1
0 3
