# labels are in order of images from 1.png - last#.png
# first number is object label second number is type label
6 3
6 3
6 3
13 1
13 1
13 1
7 2
7 2
7 2
11 11
11 11
12 11
11 11
11 11
12 11
3 9
3 9
3 9
8 0
8 0
3 9
3 9
5 7
5 7
8 4
8 4
8 8
8 8
8 7
8 7
8 7
8 7
8 7
8 7
16 17
16 17
1 1
1 1
16 17
16 17
10 7
10 7
14 7
14 7
14 7
11 7
11 7
16 7
12 7
16 8
16 8
2 0
2 0
9 2
9 2
0 6
0 6
1 1
1 1
6 2
6 2
6 2
0 10
0 10
0 10
0 6
0 6
0 6
14 3
14 3
14 3
16 2
16 2
16 12
16 12
16 12
17 1
17 1
17 2
17 2
15 16
15 16
9 0
3 0
3 0
17 5
17 5
16 7
16 7
16 2
16 2
16 13
16 13
16 13
5 12
0 10
0 10
11 2
11 2
16 4
16 4
15 10
14 3
0 8
0 8
0 6
0 6
0 0
16 7
16 7
17 12
17 12
16 17
16 7
17 0
13 2
13 2
4 2
4 2
15 2
15 2
0 10
12 11
0 10
0 4
0 1
0 11
17 0
4 2
5 2
17 2
16 0
2 0
2 2
2 4
2 1
15 0
16 12
16 12
16 12
0 12
10 9
16 0
3 5
3 4
3 1
5 15
5 15
0 15
0 10
0 17
1 3
14 3
14 3
1 1
1 1
17 1
6 2
6 2
6 2
8 0
8 0
3 0
3 0
11 11
11 11
11 7
11 7
10 7
4 4
4 4
8 4
16 17
16 17
16 17
0 17
16 10
5 10
16 4
0 4
0 4
14 3
8 2
8 2
0 12
6 2
14 3
14 3
14 3
17 0
14 3
14 3
12 11
6 2
0 2
2 10
2 14
3 14
0 10
16 14
18 10
0 10
17 10
16 11
16 16
11 0
10 7
5 16
1 0
1 0
4 7
0 16
16 12
0 11
0 14
17 0
0 0
11 1
11 1
16 5
16 5
16 2
4 2
17 2
3 6
4 2
3 16
1 14
1 14
13 15
16 8
16 8
15 0
17 0
8 0
0 6
0 6
17 17
16 4
0 1
17 0
16 17
1 4
1 1
1 2
6 8
11 8
13 8
3 2
3 1
0 10
0 3
0 3
0 3
3 1
3 6
0 6
6 2
6 2
6 2
1 14
1 14
8 0
8 0
11 11
11 11
12 9
11 11
12 9
7 3
7 3
17 3
16 3
0 3
0 3
3 0
3 0
3 2
3 2
0 17
0 17
0 17
11 2
12 2
16 5
0 6
17 0
0 0
17 0
11 8
12 9
12 13
8 0
17 0
17 0
0 6
0 6
8 2
15 12
2 0
2 0
0 14
17 16
17 16
17 16
17 16
0 6
0 6
1 4
1 4
8 4
8 4
11 11
11 11
14 7
16 7
17 7
4 14
4 14
16 2
16 2
7 1
17 1
7 1
15 10
0 10
8 0
11 8
12 9
12 15
16 3
0 3
3 9
3 15
0 0
5 7
15 12
15 12
4 4
4 4
11 2
11 2
0 10
16 10
14 7
14 7
11 11
0 11
4 12
5 2
16 0
6 3
16 14
0 14
16 13
16 13
14 3
15 13
1 14
17 2
15 5
16 5
16 5
17 5
17 5
16 2
5 4
5 7
4 8
4 17
7 12
16 16
13 15
15 16
15 16
15 16
15 12
15 5
15 16
13 15
13 15
4 2
13 8
13 9
15 17
0 10
7 3
7 3
7 3
17 1
0 1
0 1
3 5
3 5
3 5
3 14
3 14
3 14
8 0
8 0
11 14
11 14
2 3
2 3
2 3
14 3
14 7
17 12
17 12
17 16
17 16
3 14
3 14
12 9
12 9
0 11
8 5
8 2
8 2
14 3
14 3
7 2
7 8
17 0
15 13
15 13
8 0
8 0
3 13
3 14
2 0
2 0
15 10
8 14
8 14
15 16
15 16
15 12
0 17
16 17
3 14
16 13
16 15
13 15
13 15
0 14
0 6
0 6
7 8
17 8
11 7
11 7
6 7
6 7
14 3
4 7
4 7
4 2
0 5
0 5
0 14
15 16
17 0
17 12
17 7
0 3
0 1
3 17
12 9
2 3
2 5
10 7
17 5
15 0
0 6
15 12
0 13
17 5
15 4
16 17
16 17
17 17
13 16
13 15
7 1
15 3
13 15
13 17
16 2
16 2
0 13
16 3
1 0
8 9
7 3
5 3
5 3
1 1
0 1
0 1
0 2
0 2
1 2
8 0
8 0
1 0
1 0
1 0
2 14
2 14
0 3
0 3
0 1
0 1
0 2
0 2
16 17
16 17
3 0
3 0
3 0
17 4
17 4
16 12
15 12
15 12
10 10
10 10
8 8
8 16
0 17
17 17
17 17
17 17
6 7
6 7
6 7
0 6
0 6
14 3
14 3
14 3
11 7
16 7
5 7
16 3
16 3
14 3
14 3
4 2
6 8
6 8
6 8
16 1
16 1
14 3
11 12
11 12
0 6
0 6
12 9
3 13
0 13
7 2
7 2
3 9
3 9
15 7
15 7
1 14
1 14
8 0
8 0
17 14
0 14
0 14
16 10
16 10
16 10
9 2
9 2
15 5
15 5
15 5
17 0
17 0
8 4
11 11
11 16
14 7
14 7
0 5
16 5
4 2
11 4
11 4
15 16
15 16
15 16
15 16
15 16
4 4
5 4
5 4
16 10
0 10
15 13
15 13
15 13
7 15
7 15
13 15
17 5
0 5
15 5
11 16
17 14
4 4
0 6
0 6
13 15
0 12
0 12
11 16
0 16
17 8
3 8
3 9
3 8
3 8
8 1
11 16
17 14
17 14
13 15
11 11
12 11
17 16
17 14
17 3
15 3
15 2
13 15
13 15
15 8
13 15
17 4
0 10
0 7
0 7
0 7
0 7
0 7
0 10
0 10
17 4 
17 4
13 15
13 15
17 8
15 8
17 2
15 2
17 3
15 3
17 5
17 3
17 0
17 1
17 0
17 3
17 17
17 1
16 12
16 1
17 0
17 0
17 0
17 0
17 0
17 0
17 0
17 0
17 0
17 0
17 0
17 0
17 0
17 0
17 0
17 0
4 2
4 2
17 3
16 3
13 15
13 15
15 2
15 3
15 1
15 5
15 4
7 8
7 8
7 8
7 8
14 3
17 0
14 3
17 17
17 8
17 3
17 17
17 8
17 3
0 10
0 10
0 10
0 10
16 1
16 3
16 2
18 10
18 10
18 10
18 10
18 10
18 10
18 10
18 10
18 10
18 10
18 10
18 10
18 10
18 10
18 10
18 10
18 10
18 10
18 10
18 10
18 10
18 10
18 10
18 10
18 10
18 10
18 10
18 10
